45 45
225 134 119 223 130 108 220 126 105 230 141 115 240 150 116 183 77 92 164 64 86 178 73 84 176 73 83 185 81 87 199 93 90 205 98 95 204 99 96 204 99 94 208 101 98 209 101 96 206 100 98 207 102 98 203 102 102 203 99 95 204 100 95 208 101 94 206 101 99 203 97 95 201 97 96 203 97 97 199 95 96 180 83 91 189 85 88 222 135 116 220 126 106 221 129 110 222 127 103 222 128 102 219 128 108 229 157 118 255 229 166 172 82 88 185 87 92 187 93 96 192 91 92 194 94 93 194 93 95 201 97 95 182 92 95
225 129 106 226 130 106 224 128 107 232 147 113 234 139 106 182 76 84 166 60 76 180 74 82 175 67 76 187 80 84 199 90 90 205 94 90 207 98 94 208 98 94 208 98 93 210 100 95 210 98 94 208 98 96 208 99 97 206 99 96 204 97 93 209 103 100 206 98 95 205 98 95 204 95 93 204 96 95 202 96 96 189 87 93 169 70 87 214 116 111 227 138 116 228 138 111 227 133 109 225 129 104 219 125 106 212 115 101 250 206 148 237 187 140 167 62 80 190 90 92 189 91 94 193 94 95 217 108 99 158 65 80 73 10 59
227 130 108 227 132 108 230 143 115 228 140 111 232 137 108 185 75 79 165 58 74 179 74 83 176 68 77 187 78 82 199 90 88 204 94 92 205 95 92 205 96 97 208 96 94 210 96 94 208 97 95 210 96 95 204 88 85 204 92 90 203 92 90 205 96 96 206 99 98 204 94 92 203 94 92 204 92 91 204 94 94 193 88 95 175 71 84 204 105 109 227 138 121 224 135 115 226 134 105 224 130 108 220 128 108 217 122 106 221 134 107 255 238 165 192 110 101 184 82 89 192 91 91 208 107 102 157 61 82 74 12 59 99 25 61
226 134 110 230 142 116 233 141 108 228 133 106 234 137 108 182 70 74 165 60 77 178 70 78 174 68 78 187 77 83 197 87 88 200 91 90 203 92 91 206 92 93 208 92 92 206 95 97 209 94 93 210 89 88 205 84 82 199 84 85 192 77 79 199 82 84 202 94 98 204 94 95 206 93 94 205 92 91 205 93 93 196 86 92 181 75 88 204 97 104 219 125 115 222 132 115 223 130 108 224 129 108 224 130 110 220 124 109 210 104 93 243 193 143 253 222 164 165 58 72 201 99 98 155 61 78 73 9 58 102 31 70 95 20 60
229 135 111 235 142 108 222 106 87 230 139 109 236 139 110 184 72 78 164 56 74 179 72 81 178 68 77 193 79 83 203 88 87 207 91 87 206 93 93 210 93 94 209 91 91 211 94 93 206 96 101 199 117 125 197 131 138 207 162 156 209 175 165 206 161 150 201 127 124 193 75 82 203 94 100 205 93 96 205 90 92 194 84 91 180 74 86 203 96 98 215 116 109 218 125 115 222 125 109 223 126 105 222 120 100 215 114 100 212 109 96 216 116 97 255 237 178 225 158 124 144 49 72 73 9 57 101 29 67 94 25 65 93 18 57
237 150 115 218 105 88 201 85 83 236 147 109 239 141 109 184 69 75 152 50 73 172 63 74 175 67 77 188 75 82 198 84 85 202 88 89 205 89 89 211 95 93 199 99 104 188 102 112 186 104 112 191 110 116 198 126 129 203 144 140 209 163 152 215 175 157 222 189 167 218 187 172 185 92 101 191 74 83 199 86 90 191 79 87 174 68 82 208 95 97 221 118 106 216 116 111 222 124 112 217 112 98 219 114 97 217 111 99 216 109 95 211 103 92 241 173 133 255 217 161 59 0 50 100 27 66 96 22 63 93 22 62 93 19 56
243 145 113 159 48 67 199 87 84 239 149 113 238 138 107 179 65 73 150 50 71 171 69 85 171 65 79 182 74 83 192 80 85 197 84 87 205 87 88 207 96 90 183 74 84 189 89 96 192 100 106 195 106 111 192 109 114 203 135 131 211 161 149 217 175 159 221 182 165 221 187 167 223 204 188 193 139 142 169 56 71 183 76 86 172 66 84 208 97 101 230 129 112 215 110 104 206 96 97 224 119 105 223 115 100 219 110 96 218 113 102 222 117 104 235 129 109 82 11 55 91 20 61 97 21 59 94 25 66 94 25 66 101 34 69
213 99 88 142 39 66 203 92 88 239 148 111 237 139 107 179 65 74 153 50 73 173 66 80 172 67 81 182 75 83 194 81 85 201 87 89 205 91 90 186 73 80 189 84 94 189 87 93 189 91 97 197 105 109 199 109 111 204 122 120 217 164 149 217 169 154 216 175 166 224 196 185 229 205 192 241 226 206 193 146 145 155 42 63 162 62 83 207 95 98 231 129 110 227 119 109 133 33 64 218 107 105 226 116 101 220 111 101 221 112 101 245 131 112 112 33 66 86 15 58 99 26 64 95 22 62 89 23 66 109 43 84 210 127 118
162 55 71 154 51 72 200 88 84 237 145 113 237 139 109 178 64 74 152 54 76 172 66 80 173 66 79 182 73 81 195 83 85 202 87 90 191 82 86 185 77 88 188 84 91 183 85 95 196 101 105 204 113 112 206 114 113 205 115 115 207 140 133 218 179 172 229 200 186 223 192 181 223 192 181 226 201 191 243 231 213 169 111 120 138 32 58 208 96 97 232 129 113 232 126 115 110 26 61 154 56 78 233 121 108 221 107 97 234 121 108 181 77 84 73 8 57 105 28 65 95 21 61 93 24 63 97 31 78 197 120 124 210 136 122
159 58 75 154 54 73 200 89 87 234 143 115 237 139 113 178 68 80 151 50 72 172 66 79 172 67 79 183 74 81 193 80 86 206 104 97 175 66 80 189 79 85 188 82 90 198 100 105 204 110 112 206 113 115 187 87 97 199 127 127 225 183 166 220 180 166 219 180 171 226 194 183 227 198 185 225 197 185 224 198 186 248 239 219 147 78 97 199 84 85 231 128 113 232 124 114 129 36 67 80 0 44 190 76 80 223 126 113 225 109 98 75 5 54 103 25 63 98 25 65 97 24 65 79 10 57 181 106 120 202 125 121 215 148 128
155 58 76 154 50 70 195 84 84 236 143 114 237 139 113 175 65 77 145 45 70 170 63 77 168 64 80 181 71 81 181 68 81 221 138 114 175 63 80 192 79 86 194 89 96 199 98 101 203 105 104 184 82 90 207 141 139 222 167 152 217 163 151 219 172 160 224 187 176 220 183 172 221 190 182 224 195 183 223 198 187 226 204 194 220 208 198 175 54 66 231 131 113 233 126 113 112 20 53 86 32 73 219 196 183 244 231 213 181 158 162 75 6 54 102 28 66 95 25 65 90 19 60 143 69 100 210 129 126 214 145 128 210 137 123
168 63 76 168 61 74 199 83 82 236 146 116 239 144 112 177 67 76 150 48 71 177 67 78 179 67 76 186 72 79 196 94 96 216 125 102 172 62 78 188 79 86 197 90 96 197 95 102 188 83 91 214 136 129 215 146 138 219 158 150 219 166 155 218 172 163 215 163 155 222 182 171 223 186 176 223 190 178 217 182 173 222 196 187 226 209 198 211 159 155 232 118 91 216 100 87 152 102 118 233 208 191 232 206 190 229 201 187 218 194 182 75 2 53 97 22 60 94 19 60 90 20 65 217 134 134 213 139 127 211 135 122 210 134 122
174 67 78 170 61 75 208 88 81 236 146 113 242 152 118 182 69 75 153 50 71 176 68 77 175 64 75 181 66 74 203 119 108 212 106 93 172 63 81 183 72 84 197 84 93 190 84 95 215 124 119 204 115 116 215 139 134 216 154 148 215 154 147 214 152 143 219 163 152 218 167 157 219 171 162 214 168 159 216 182 172 219 184 175 215 182 176 213 193 188 225 139 122 222 185 170 231 202 185 225 197 184 224 196 184 237 214 199 187 155 155 81 11 57 92 19 59 91 16 61 187 100 117 213 134 128 214 138 126 210 134 122 208 132 121
169 65 79 168 60 73 201 87 83 239 153 114 243 153 118 182 69 76 154 50 70 176 65 77 174 63 74 177 60 72 212 133 114 231 132 103 192 76 81 183 69 81 192 84 93 212 117 117 198 104 106 212 124 122 207 120 120 214 144 140 219 150 139 220 155 143 217 151 143 215 150 142 215 163 153 217 172 165 215 170 163 212 158 155 206 155 151 213 171 158 223 191 176 225 195 180 221 189 178 225 197 185 217 168 157 235 197 179 137 87 104 88 14 56 88 15 56 126 50 90 219 133 130 215 141 128 213 137 128 210 136 126 211 135 123
167 62 75 163 57 72 206 90 87 237 151 116 241 152 116 183 73 80 154 51 72 174 64 77 173 63 74 170 56 69 211 134 110 236 146 108 210 94 88 178 67 82 210 110 111 192 94 103 212 115 113 201 110 112 210 123 122 218 133 130 217 143 147 203 127 128 220 143 132 218 147 137 225 153 145 221 152 146 206 138 141 210 152 145 223 178 157 223 187 169 220 184 171 221 188 177 225 197 186 230 204 190 205 133 126 228 170 157 72 6 54 92 25 64 88 16 65 209 122 127 211 134 127 211 138 127 211 136 125 209 136 123 209 136 124
169 65 79 170 63 77 215 93 85 238 153 115 243 155 116 184 72 77 150 47 69 173 65 77 176 63 75 171 52 65 213 141 120 244 168 117 225 116 89 192 81 92 185 90 101 210 110 109 196 96 104 203 108 112 206 114 124 178 91 119 142 60 100 194 130 154 156 89 127 168 100 129 140 67 103 137 73 108 220 156 145 227 187 169 222 185 169 217 184 172 224 193 181 231 205 192 234 208 189 181 106 106 167 70 88 182 144 141 77 6 51 92 17 57 132 58 95 217 131 128 213 140 128 210 135 125 208 133 124 207 133 123 206 132 121
175 70 81 174 62 75 216 94 84 236 152 115 243 154 116 185 73 78 150 48 70 173 64 74 176 65 76 173 56 68 194 111 103 253 188 128 205 92 93 179 79 93 206 103 107 193 92 101 201 101 108 207 103 111 190 94 120 143 71 119 109 35 86 128 71 126 123 63 118 87 31 90 81 25 68 214 152 142 225 186 169 220 182 166 219 181 167 222 193 180 228 197 179 187 128 129 143 40 62 200 109 109 203 153 139 78 3 50 94 20 60 84 18 64 196 111 120 213 142 133 212 141 130 209 138 129 206 135 130 206 133 124 206 131 123
178 73 85 172 63 75 212 91 83 237 152 116 242 153 116 187 75 79 148 47 71 173 63 76 173 63 74 178 64 73 165 56 72 255 209 149 215 124 106 196 90 99 190 88 99 196 92 103 200 100 110 158 69 100 108 45 97 93 27 75 108 40 91 109 35 84 114 64 117 111 55 100 227 162 146 222 184 167 211 167 156 210 166 153 222 186 169 185 131 128 126 57 92 173 106 130 255 169 131 205 145 126 72 0 46 102 30 65 92 17 56 113 41 82 216 131 127 216 150 130 213 144 129 209 140 130 207 136 129 205 135 127 203 131 124
179 74 84 170 62 74 199 82 79 238 152 119 243 157 119 187 75 79 144 43 67 171 63 77 172 62 75 181 68 78 179 62 72 213 144 124 233 156 119 185 78 95 193 94 110 196 96 123 158 71 106 122 48 99 93 27 77 118 51 102 96 24 67 90 19 69 113 55 118 186 132 153 225 184 165 207 161 152 206 160 150 214 170 164 234 180 172 226 138 131 123 47 84 169 108 136 186 102 100 67 0 48 106 29 63 97 23 60 88 15 58 160 86 106 204 136 128 214 149 131 212 144 129 210 142 129 208 141 131 206 137 127 203 132 125
176 72 85 168 62 75 192 80 83 237 151 120 243 156 121 189 78 84 146 43 68 175 66 80 175 64 78 182 72 82 191 73 79 214 135 120 207 112 97 184 80 94 196 90 102 154 60 84 95 26 73 89 22 67 110 42 91 119 62 115 83 17 65 120 46 76 196 124 139 210 170 166 210 162 154 205 150 144 223 149 141 240 185 171 240 190 178 252 191 170 119 15 50 147 79 111 136 62 90 93 16 57 110 35 70 92 18 56 97 24 68 196 121 120 205 135 125 209 141 127 210 142 126 213 146 128 210 140 130 209 138 127 206 131 123
176 71 81 165 60 74 193 79 81 237 152 121 242 158 120 187 81 87 149 49 75 177 69 83 177 67 79 188 76 84 196 81 85 198 85 87 211 104 92 208 102 115 149 52 83 84 21 72 103 35 82 99 27 72 95 25 73 106 41 98 119 58 94 227 140 129 216 171 164 203 164 164 213 143 139 229 133 129 235 166 154 238 186 172 241 195 180 254 215 194 175 61 76 95 28 76 156 86 106 96 24 63 107 34 69 89 16 55 141 68 94 208 136 125 208 144 127 200 134 126 197 129 123 194 128 124 201 132 127 204 133 123 209 130 120
174 67 79 169 60 74 190 79 85 237 153 124 242 160 122 190 79 82 147 47 75 175 70 84 177 67 81 188 73 79 203 80 84 178 88 87 178 94 110 177 73 94 86 30 87 105 44 91 109 40 85 87 15 60 110 45 98 84 22 71 201 119 116 219 153 138 223 195 182 196 107 109 197 95 107 231 152 146 236 158 144 236 177 161 241 189 170 255 212 186 177 72 84 76 4 55 172 102 118 101 31 70 100 30 66 85 14 60 184 107 118 212 143 126 208 142 125 209 145 129 207 142 128 196 133 124 190 126 126 187 121 123 192 120 120
174 69 83 168 61 74 189 74 80 240 152 120 243 160 124 191 83 85 147 46 72 179 68 80 176 61 73 182 74 87 218 117 109 209 117 107 132 48 80 117 55 108 115 53 111 94 32 79 98 34 82 100 33 76 79 14 64 173 92 98 234 185 163 213 172 158 162 57 70 155 53 71 139 37 63 183 64 81 231 128 125 243 181 165 226 148 136 122 21 50 149 47 69 87 13 59 177 105 119 102 30 67 93 20 58 105 33 74 201 125 121 215 141 123 209 135 121 206 134 121 206 137 120 202 135 122 203 138 131 194 131 128 179 116 123
168 64 77 154 52 71 177 65 75 240 157 120 243 163 125 192 79 80 155 47 69 178 66 75 166 50 64 178 108 109 246 156 127 115 32 68 98 39 95 100 36 89 129 75 125 81 12 59 104 39 81 91 24 66 99 27 71 225 159 146 225 201 182 164 58 73 110 20 58 119 57 100 202 151 158 186 60 73 224 103 108 248 197 174 98 17 60 179 111 136 93 6 46 91 18 61 176 103 121 106 34 70 88 16 56 142 68 92 210 135 123 208 135 122 206 130 118 208 131 120 206 132 120 201 130 121 191 125 124 174 108 118 178 117 123
175 71 82 153 50 70 176 62 73 240 158 122 246 169 130 198 85 84 165 54 70 198 78 77 159 81 103 187 114 132 91 32 73 125 79 139 100 40 92 115 55 114 148 105 157 85 17 61 94 19 60 68 2 49 200 116 115 227 195 174 190 76 86 225 114 120 213 100 108 212 107 116 221 138 145 211 92 103 218 92 103 238 198 188 209 105 120 183 84 97 132 32 58 92 22 63 178 111 130 104 30 67 84 12 53 181 104 112 210 140 125 205 130 119 203 132 124 203 131 120 201 127 119 189 117 116 180 112 120 214 158 128 234 182 136
161 59 76 139 39 64 162 54 70 241 156 124 246 169 128 198 86 82 161 48 65 195 91 109 179 103 138 103 47 99 109 44 102 138 87 139 78 10 59 123 70 126 127 82 129 110 38 73 79 14 60 127 51 78 241 194 171 148 60 76 214 84 94 228 125 127 233 152 145 231 151 147 229 148 144 219 107 113 216 82 93 240 205 195 224 139 135 220 94 103 164 57 75 96 18 57 184 118 133 90 14 53 95 19 58 204 127 122 208 138 124 202 130 122 201 130 121 196 126 120 190 119 118 179 112 116 237 190 139 238 186 130 232 179 134
139 45 71 124 34 66 159 53 72 240 154 122 242 162 126 199 84 82 155 53 77 195 86 101 127 70 124 122 54 103 115 68 126 112 54 101 89 20 62 87 24 65 105 24 60 183 107 113 56 0 45 220 140 133 152 118 123 139 29 59 220 91 95 225 111 113 233 144 135 234 157 146 230 138 126 220 106 107 213 80 88 240 198 190 221 133 130 225 103 111 147 47 70 99 21 58 179 106 121 97 24 62 130 51 74 213 141 125 205 136 121 201 128 121 196 125 121 194 124 119 175 105 113 230 173 128 239 184 124 235 189 141 235 197 158
139 50 76 114 30 65 148 44 64 240 152 125 243 161 123 197 82 77 160 61 93 179 96 133 126 58 111 110 50 109 125 82 141 123 74 122 82 15 59 117 42 77 174 82 97 127 58 81 118 39 67 218 166 152 60 0 43 158 49 67 216 89 93 225 104 109 228 123 120 231 136 129 227 125 120 211 87 93 212 80 87 240 185 179 223 137 131 225 103 107 101 23 63 114 31 61 159 86 107 106 39 72 168 84 93 213 141 123 205 131 116 200 131 120 196 128 121 187 117 116 197 130 118 244 191 126 238 190 140 238 202 157 235 199 162
147 50 72 127 32 61 165 59 75 238 150 125 244 162 128 202 90 91 159 54 75 168 68 101 129 64 115 113 59 113 109 52 113 146 109 156 95 20 58 89 24 62 110 46 88 71 3 50 248 195 169 106 40 69 84 11 55 176 64 76 216 85 87 224 100 104 226 115 115 228 125 123 224 124 120 209 81 87 190 58 69 228 139 135 223 125 123 193 81 92 71 12 62 120 32 60 140 68 94 128 58 86 205 118 107 208 140 124 201 129 119 199 129 121 195 125 117 181 109 114 229 168 125 242 189 130 238 200 158 236 202 162 234 201 165
141 45 67 128 30 60 188 90 100 236 146 121 244 162 127 202 92 86 150 43 66 173 81 112 113 52 109 100 40 88 114 54 111 140 99 153 134 68 108 104 30 63 160 95 120 199 124 122 140 83 98 88 15 58 94 22 62 182 77 89 216 86 89 223 97 100 224 105 108 229 122 121 228 128 126 222 116 117 233 163 154 236 193 175 228 116 119 113 39 74 89 25 69 133 45 67 115 42 75 172 93 105 215 131 110 203 134 122 200 128 120 195 126 120 193 126 118 181 108 110 242 183 123 241 200 151 238 199 155 237 203 162 237 204 172
122 32 62 123 27 58 180 84 99 236 152 126 243 165 129 201 88 80 161 64 95 161 70 103 106 47 96 94 32 86 127 71 122 111 51 106 127 81 128 168 100 126 212 163 154 159 86 95 89 14 54 102 22 57 105 23 59 159 63 81 219 86 86 223 95 94 227 106 106 205 85 89 208 90 92 207 91 91 222 116 113 212 111 115 203 97 107 71 12 61 104 33 69 131 43 66 98 22 63 203 120 116 209 131 111 203 133 120 196 127 120 194 126 121 194 122 117 182 107 106 246 196 137 242 205 158 239 201 156 237 207 172 237 207 175
108 26 61 119 26 58 186 90 102 237 155 124 243 166 127 200 104 119 163 65 93 151 68 105 94 33 80 106 44 103 137 97 148 126 71 127 128 79 136 232 133 130 205 127 115 92 37 75 94 21 60 104 26 61 107 30 65 130 48 71 198 73 77 213 86 87 221 104 105 225 105 102 217 75 82 230 93 110 236 126 145 232 120 125 115 39 70 86 18 60 112 30 62 135 46 71 97 21 63 219 138 125 206 133 114 202 135 120 198 131 119 193 127 120 191 123 118 186 110 106 250 212 159 241 205 161 239 208 169 238 206 165 238 201 155
96 21 61 118 33 64 190 84 90 235 149 122 243 165 129 199 87 83 157 63 101 124 56 98 89 32 77 100 41 95 152 120 170 129 84 139 145 81 128 197 140 154 123 59 78 90 20 64 98 26 63 99 27 65 111 31 63 108 33 65 148 43 62 200 76 80 220 97 100 220 105 110 219 105 108 219 115 114 225 119 119 184 87 96 75 11 58 102 31 66 114 33 65 140 49 69 105 22 61 217 141 128 202 138 120 200 136 125 199 135 124 191 130 124 182 120 118 176 107 105 252 223 172 242 209 166 242 207 165 239 204 158 247 210 164
88 17 61 110 32 66 199 90 91 234 149 123 242 164 127 199 86 81 140 55 90 106 45 90 98 36 81 89 30 83 121 70 122 137 95 152 165 116 165 145 80 110 73 13 61 102 31 68 103 29 63 95 24 63 102 25 60 110 33 65 112 31 63 118 22 52 182 67 77 206 96 105 224 126 128 232 145 141 231 135 133 119 32 62 77 23 71 104 31 65 120 41 72 144 59 77 112 26 62 213 143 134 193 129 117 194 134 129 195 136 128 187 129 124 173 115 117 184 126 118 252 223 170 243 206 158 246 211 163 254 203 148 188 120 102
99 24 62 88 13 55 171 67 76 236 149 124 239 155 123 204 115 115 144 83 109 90 29 76 100 30 75 91 25 75 153 115 162 117 67 121 132 96 149 141 92 136 133 93 130 107 28 62 99 29 67 94 24 64 95 22 62 106 31 65 107 28 60 183 74 86 206 96 102 206 103 107 218 117 119 216 119 118 225 152 142 206 164 155 122 78 107 71 2 50 117 42 72 141 61 83 125 40 73 203 127 118 171 84 90 169 87 95 169 97 103 177 113 115 158 102 112 207 155 131 249 207 149 247 208 157 243 182 137 94 13 53 105 22 59
174 125 136 134 51 74 123 25 54 239 145 122 239 157 128 210 111 109 123 57 91 74 11 60 120 62 108 130 69 114 104 45 94 128 82 126 120 68 125 155 117 166 130 75 110 123 49 84 99 29 64 91 23 65 97 30 67 105 32 68 102 27 63 187 79 86 205 90 95 214 102 105 215 103 106 217 114 112 227 162 141 236 186 157 255 209 175 215 183 169 92 23 62 126 45 72 123 38 72 210 135 123 193 122 117 183 112 115 170 90 98 146 66 85 163 74 80 199 131 112 252 212 157 240 185 138 107 23 57 133 45 69 153 60 76
153 105 126 182 143 147 123 26 56 241 152 124 239 158 122 227 141 134 86 22 65 97 31 72 93 26 69 107 42 88 89 29 76 107 52 103 110 54 111 153 114 159 150 99 137 134 83 113 92 23 63 96 27 67 101 34 71 111 35 68 142 49 71 178 73 86 211 96 99 219 106 107 218 106 106 224 127 118 226 146 129 228 162 138 235 180 148 250 204 176 237 205 187 91 8 47 123 43 76 208 132 117 191 127 119 191 123 119 184 118 121 168 107 116 188 88 72 240 189 142 255 223 163 161 78 80 148 53 76 174 78 87 158 65 82
97 34 74 203 179 173 111 23 55 242 154 123 241 164 126 222 122 109 78 20 66 93 28 70 81 17 64 125 68 109 87 21 66 105 43 93 127 76 130 130 82 135 134 91 131 143 96 127 89 17 55 104 30 66 95 28 67 125 37 64 158 53 69 181 73 83 221 98 97 219 103 99 220 109 105 222 119 112 224 135 124 227 155 137 230 174 148 240 192 169 255 223 201 158 106 116 118 32 62 206 134 117 196 126 113 187 119 117 181 115 116 169 95 101 231 159 118 250 216 161 245 197 136 147 42 67 175 78 86 159 63 77 162 75 93
84 17 61 203 179 173 110 22 54 245 154 120 239 164 124 215 118 108 77 16 68 85 16 58 104 46 95 105 46 87 96 30 70 82 17 64 112 56 105 135 92 143 156 112 153 160 128 161 100 22 58 106 31 64 90 20 61 180 69 77 167 61 75 191 79 84 222 103 100 220 101 96 219 105 100 220 114 107 223 130 120 225 146 131 228 171 148 236 191 171 242 205 189 236 202 184 113 27 53 204 136 122 190 123 114 187 119 112 171 106 111 192 117 106 255 221 164 253 221 165 209 119 89 162 54 71 182 80 84 160 68 84 145 69 91
76 9 56 201 177 171 117 34 63 243 150 117 237 164 125 220 123 119 76 12 60 91 25 68 91 28 70 102 38 78 90 29 70 91 27 74 95 37 87 145 108 159 129 76 122 89 23 59 124 58 90 113 42 74 105 24 58 213 92 90 155 58 78 209 92 93 221 105 102 221 103 99 218 100 95 220 110 103 221 124 117 223 139 127 226 163 140 231 186 168 239 197 181 253 223 202 164 79 83 198 137 123 191 127 117 187 122 116 170 109 111 205 122 101 249 202 139 251 211 149 192 72 74 170 66 76 157 58 72 159 72 89 144 67 91
68 0 48 191 167 166 131 50 73 238 142 112 239 164 124 225 123 110 88 23 70 93 30 70 90 28 73 101 40 82 90 26 68 91 30 75 123 72 124 91 37 81 113 59 110 129 75 111 90 16 52 83 12 53 151 51 68 218 97 91 134 45 71 224 105 100 223 110 106 224 107 99 220 100 94 219 107 102 222 120 110 221 131 119 224 152 131 228 179 158 237 196 182 245 212 197 209 139 125 137 54 70 170 96 98 182 120 116 195 131 122 199 108 91 228 166 127 246 182 121 163 52 69 151 52 71 158 69 86 148 68 89 132 56 79
85 7 48 196 167 164 141 73 89 232 136 110 240 167 125 209 112 106 94 27 73 86 22 65 94 32 75 98 34 77 93 28 69 85 22 63 99 42 93 153 117 165 123 59 100 87 13 50 82 15 56 102 23 58 210 89 83 139 43 64 189 83 86 223 103 99 222 105 100 224 109 103 221 103 94 219 102 93 220 112 103 222 126 112 224 142 124 226 169 148 233 192 176 242 207 193 217 169 160 145 55 71 140 51 71 99 22 56 107 35 65 232 166 112 255 220 151 179 81 71 125 31 62 155 67 86 143 60 80 155 78 98 109 32 62
147 69 88 191 163 163 156 99 105 228 132 108 243 171 125 201 112 109 83 20 68 90 24 65 89 24 67 99 38 82 98 38 79 92 29 73 96 32 77 127 77 123 112 57 98 81 15 55 82 14 54 162 58 69 144 47 64 155 55 71 224 102 92 221 104 97 221 104 100 223 109 101 223 109 101 220 105 97 219 106 96 220 117 105 222 134 120 225 154 135 228 183 168 236 200 187 251 219 197 142 55 70 162 79 86 135 58 78 116 30 65 255 219 144 191 109 84 99 13 55 145 56 78 141 63 83 141 60 83 152 80 101 113 39 69
103 33 65 174 139 147 166 115 119 226 126 103 248 174 131 184 96 98 74 15 62 95 30 73 96 35 80 99 38 82 117 61 112 104 46 92 100 45 88 127 75 128 107 50 90 77 16 56 105 21 54 144 48 66 197 80 84 215 95 90 212 95 89 219 101 95 222 105 98 222 108 102 223 114 107 221 111 102 221 107 96 220 114 104 221 126 115 224 147 132 225 171 153 232 191 179 248 219 201 156 87 94 151 76 86 156 87 99 179 84 88 174 83 85 139 48 73 142 52 74 147 71 87 116 34 64 169 100 116 130 58 83 99 25 59
82 13 52 183 141 146 205 165 150 222 122 100 249 174 132 157 78 95 79 16 62 101 35 78 107 42 85 113 55 100 108 45 95 120 65 111 106 47 91 106 40 84 119 66 114 107 22 54 184 64 66 209 86 80 210 90 84 211 92 85 216 95 88 219 99 91 221 100 93 223 105 100 224 112 105 224 113 105 223 118 108 222 118 106 224 126 113 223 141 127 224 161 144 228 183 168 240 206 192 193 139 140 134 61 76 170 95 99 197 91 85 199 90 86 178 75 81 136 62 88 127 48 73 166 91 105 148 82 101 91 20 54 137 49 71
