701
156
2859
27
728
177135
2132
54
3
1404
27
2601
81
130
2601
2055
79
1612
3226
676
1
678
19551
728
2030
52
676
3
779
17576
79
806
30
728
21081
754
1
728
68226
676
3
26
1379
1
54
66377
676
83176
677
26
55
2027
702
52
1
751
5
2
1
2027
1403
38996
27
125201
729
130
701
728
37748
67000
17576
701
2
18902
29
5
29
2001
4103
209
2
28
2858
1952
17576
53
2024
52
53
2601
1326
1351
677
2
1
1
66451
456976
52
1952
563167163
116253367
971093879
882348555
980902447
496990972
473271068
987328860
474216665
265664453
59861581
951305147
383843833
492043409
793813419
470792626
73740885
568118179
72321039
454399044
880774664
451880149
972825588
498433371
782549167
617877752
620442243
375340747
49504446
535431578
8639589
410474589
171766112
712392656
607324535
752105482
50589044
992957695
577031476
146774067
