400
90 54
15 78
77 62
79 15
90 42
78 25
38 47
45 63
20 16
42 62
51 42
45 15
77 93
35 54
54 78
90 84
25 15
42 61
62 39
79 55
53 84
79 53
78 84
40 45
29 76
45 42
53 57
57 30
61 90
29 62
77 49
79 39
42 84
53 54
20 47
62 15
45 53
16 30
79 42
45 51
40 84
93 84
93 79
76 93
39 20
42 53
15 90
76 30
39 54
55 77
93 61
84 51
35 62
76 42
40 30
54 47
49 57
49 47
42 63
20 35
57 90
53 30
16 55
49 25
51 30
79 77
25 55
57 38
42 77
54 76
61 35
42 38
20 55
76 53
54 51
93 15
29 93
38 55
61 40
38 62
53 40
84 57
63 47
51 39
76 20
77 53
25 30
93 57
40 76
35 55
15 57
42 20
54 38
90 93
63 49
55 78
63 39
57 61
38 40
77 15
76 39
49 45
45 77
61 49
49 84
15 55
35 39
42 30
16 76
61 78
47 76
38 63
49 76
51 20
78 20
93 38
84 15
40 57
30 80
35 45
63 61
79 51
35 49
79 57
78 90
54 55
29 61
62 76
51 38
79 84
57 35
40 47
35 51
90 76
25 47
16 57
39 25
16 49
45 93
63 15
38 15
30 96
15 16
40 77
45 62
35 47
62 49
16 45
42 29
53 61
25 42
61 16
79 78
20 79
45 38
47 79
45 20
78 49
15 29
47 61
57 51
90 53
77 20
77 51
77 30
38 39
40 42
79 16
55 76
47 90
53 15
84 39
40 16
30 62
93 35
77 61
90 63
29 55
40 93
62 40
54 25
20 53
62 79
40 63
77 57
47 15
76 35
93 55
57 63
61 25
54 45
76 63
90 40
47 93
29 20
30 90
39 45
25 63
39 47
45 79
53 38
51 76
79 61
78 63
51 53
16 90
51 63
29 53
77 76
45 29
90 62
35 40
39 77
61 76
57 25
20 90
57 42
25 20
55 47
39 93
40 78
78 16
42 16
93 54
47 51
49 39
51 78
62 55
78 62
62 51
90 38
57 55
40 79
35 77
62 53
38 30
63 55
29 49
53 63
78 76
51 25
16 93
16 39
39 90
84 62
42 47
84 25
35 38
45 47
20 61
78 53
63 16
55 30
63 54
29 35
35 63
38 61
61 62
54 42
35 42
40 25
51 93
42 39
35 53
39 57
20 57
77 63
29 47
40 15
49 90
49 79
84 54
84 47
78 57
38 78
25 35
38 25
63 84
45 84
79 35
53 49
55 90
51 55
61 39
79 90
51 16
38 16
93 62
93 25
55 84
93 20
54 16
63 93
84 77
40 29
55 42
90 51
54 79
49 15
76 45
90 25
38 77
16 62
29 51
16 84
62 57
29 16
61 45
40 55
25 77
78 47
39 29
54 29
54 61
25 53
77 54
47 30
63 29
93 42
84 29
54 62
30 93
53 39
42 15
38 29
35 90
49 38
47 77
20 63
78 93
30 49
78 77
79 63
49 40
15 61
15 20
61 84
55 39
77 29
93 53
45 25
54 57
15 54
45 90
57 45
16 25
38 79
45 55
57 76
29 79
40 20
15 76
25 76
40 54
16 53
20 62
54 49
35 84
47 16
29 30
78 39
16 35
38 76
90 29
62 47
76 79
55 49
77 90
15 39
57 29
20 49
29 25
35 78
79 25
40 51
47 57
84 76
49 51
20 84
61 30
55 61
42 78
15 35
62 63
84 38
77 16
61 51
38 20
30 20
49 42
53 55
25 62
35 30
78 45
54 20
47 53
78 29
51 15
40 39
49 93
0